# Directed graph (each unordered pair of nodes is saved once): roadNet-PA.txt # Pennsylvania road network# Nodes: 1088092 Edges: 3083796# FromNodeId	ToNodeId0 1 4
0 6309 1
0 6353 2
6353 6354 4
6353 6364 4
6353 6386 2
6309 6310 4
6309 6344 5
2 3 4
2 4 3
2 7 5
3 309 4
4 273 1
4 274 5
4 388 1
7 8 4
7 16 1
7 3998 4
309 6 3
309 274 5
309 1060390 4
273 3861 2
273 3862 1
273 3872 1
274 3862 2
274 1060215 4
388 389 4
388 4005 3
388 4006 2
5 6 4
5 8 2
5 9 1
6 305 1
6 310 1
6 1060307 4
9 12 2
9 10464 5
310 15 5
310 311 4
1060307 1060308 4
1060307 1087545 2
16 17 4
16 18 3
3998 3999 4
3998 4006 2
12 13 4
12 14 3
10464 311 3
10 11 4
10 22 3
10 77 3
11 44 2
22 44 3
22 58 4
22 69 3
77 76 1
77 197 5
44 45 4
44 51 3
14 15 4
14 20 4
15 312 3
20 19 1
20 24 1
20 312 3
312 26 1
312 1060297 5
18 24 4
18 266 2
266 303 3
24 23 1
24 303 1
19 21 3
19 23 1
19 25 4
23 38 5
25 26 4
25 29 1
58 50 3
58 70 3
69 70 4
69 76 3
69 83 1
38 39 4
38 52 1
303 39 4
303 304 4
26 37 4
26 1060297 4
29 27 2
29 314 5
37 36 1
37 313 4
37 1059795 2
1060297 1059754 3
1060297 1059796 1
27 28 4
27 30 2
30 31 4
30 32 3
314 315 4
314 316 3
32 33 4
32 34 3
34 35 4
34 36 3
36 40 1
36 313 3
40 45 5
40 67 3
313 276 2
313 1059823 5
1059795 1059796 4
1059795 1059803 2
39 317 2
39 4027 2
52 53 4
52 71 1
52 132 5
4027 304 3
4027 4004 3
4027 4299 3
317 72 5
317 4041 1
317 4055 2
45 275 5
45 279 1
41 42 4
41 43 3
41 57 4
42 279 3
42 8841 1
57 56 1
57 64 3
57 75 2
279 53 1
51 50 1
275 276 4
275 284 1
46 47 4
46 56 5
46 59 2
47 55 2
47 60 2
56 65 1
59 60 4
59 65 4
59 68 1
55 49 1
55 54 1
60 54 1
48 49 4
48 54 4
48 63 5
48 277 1
54 62 2
277 53 4
277 326 1
63 62 1
50 61 4
61 70 1
61 81 5
53 278 5
71 72 4
71 319 2
132 151 1
132 152 5
278 148 5
278 156 2
62 68 4
65 75 5
65 78 2
64 66 3
64 80 4
75 80 5
75 82 3
70 93 2
68 78 5
81 79 2
81 93 3
81 95 1
66 73 3
66 86 5
80 86 4
80 87 3
78 82 1
73 74 4
73 79 4
86 89 2
86 94 2
76 88 3
76 198 3
83 88 5
83 92 1
93 92 1
72 318 4
319 320 4
319 4052 2
79 89 5
82 87 5
82 106 1
88 96 2
88 387 1
198 197 1
198 10925 3
197 387 5
89 95 4
89 97 2
87 94 3
87 99 3
95 101 4
95 102 3
106 105 1
92 96 1
92 98 4
84 85 4
84 352 2
84 9833 1
85 853 2
85 895 5
9833 907 1
9833 7597 1
9833 9836 2
895 896 4
895 2726 4
94 97 2
94 108 1
99 100 4
99 105 4
99 3558 1
96 103 3
96 104 2
97 102 5
97 107 5
90 91 4
90 297 3
90 400 5
90 1520 5
90 1642 3
91 295 1
91 297 4
91 345 1
297 257 5
297 293 4
400 397 3
400 1642 3
1642 5901 1
295 296 4
295 298 2
295 382 3
345 344 1
345 382 3
345 403 2
98 101 2
98 104 4
108 100 3
108 107 1
108 110 3
101 112 4
101 2339 2
102 111 1
102 113 4
103 115 3
103 124 4
104 115 4
104 120 4
107 113 4
107 346 1
100 109 1
105 9062 3
109 110 4
109 118 1
2339 112 2
2339 120 4
112 111 1
111 119 2
111 122 4
113 114 4
113 121 2
115 120 5
115 123 2
115 128 2
124 123 1
124 347 2
120 119 1
9062 117 5
346 110 1
118 116 2
119 125 4
122 121 1
122 125 2
122 127 5
121 126 5
123 136 2
128 125 3
128 138 5
116 117 4
116 133 3
125 129 1
126 127 4
126 130 1
127 129 3
127 134 3
136 135 1
136 347 4
129 137 2
130 131 4
130 134 1
134 137 2
134 142 2
138 137 1
138 144 4
138 8855 3
137 145 2
151 153 3
151 156 5
152 153 4
152 154 3
142 141 1
142 145 2
135 284 1
135 8946 4
284 406 3
284 1059853 1
8946 411 5
8946 2342 4
8946 8947 4
145 143 2
144 143 1
144 177 2
144 8862 2
8855 140 5
8855 8862 3
139 140 4
139 2342 2
139 8862 2
8862 9824 3
141 143 3
141 325 1
325 324 1
325 8951 4
146 147 4
146 148 3
146 149 2
147 148 4
147 150 2
147 412 5
148 324 4
149 150 4
149 161 3
412 322 5
412 10926 1
150 406 4
150 411 4
324 322 2
161 175 1
161 328 3
411 8949 2
406 285 1
156 155 1
156 4323 3
153 154 4
153 8945 3
155 157 3
155 166 4
157 162 5
157 170 2
166 165 1
166 332 4
4323 4091 2
4323 4138 5
170 171 4
170 4137 3
158 159 4
158 160 3
158 280 3
159 280 4
159 282 2
280 281 4
280 1059924 1
282 283 4
175 173 2
175 178 2
328 327 1
328 4478 5
328 8933 5
163 164 4
163 165 3
163 180 3
164 180 4
164 327 2
165 171 4
180 179 1
327 329 3
327 4477 5
171 4139 2
167 168 4
167 169 3
167 172 5
168 281 2
168 286 2
168 1059923 5
172 176 1
172 292 5
286 292 4
286 1060295 1
281 1059924 2
1059923 1059924 4
1059923 1059925 3
1059923 1059965 3
4137 4138 4
4137 4150 2
4139 334 5
4139 4502 2
176 173 3
176 178 3
292 291 1
292 1059987 5
173 174 4
178 181 2
181 182 4
181 183 3
179 184 5
179 185 4
185 183 2
185 186 4
183 291 2
291 289 2
291 1060013 3
186 187 4
186 188 3
187 333 4
187 336 1
188 194 4
188 289 4
333 334 4
333 335 3
194 195 4
194 361 3
289 362 2
289 1060014 5
189 190 4
189 191 3
189 193 1
190 5294 1
190 5297 3
191 4444 2
191 4454 2
193 192 1
193 9967 1
5294 10525 4
5294 10937 2
5297 4356 1
5297 4444 3
5297 10525 2
4454 4356 3
4454 4506 3
4444 4356 3
4444 10526 3
192 196 1
192 10687 5
196 195 1
196 10400 1
10687 4212 5
10687 10696 1
9967 9968 4
9967 10417 5
195 338 2
361 200 1
361 362 4
361 377 4
338 337 1
338 9407 1
10400 10417 3
199 200 4
199 205 4
199 206 3
200 373 2
200 376 4
206 207 4
206 210 1
205 204 1
373 290 3
373 374 4
373 375 3
376 207 4
376 377 4
376 391 5
201 202 4
201 203 3
201 204 2
201 213 3
202 208 4
202 383 4
203 383 5
204 210 4
204 212 2
213 208 5
213 212 1
213 222 1
