# Directed graph (each unordered pair of nodes is saved once): roadNet-PA.txt # Pennsylvania road network# Nodes: 1088092 Edges: 3083796# FromNodeId	ToNodeId0 1 4
0 6309 1
0 6353 2
6353 6354 4
6353 6364 4
6353 6386 2
6309 6310 4
6309 6344 5
2 3 4
2 4 3
2 7 5
3 309 4
4 273 1
4 274 5
4 388 1
7 8 4
7 16 1
7 3998 4
309 6 3
309 274 5
309 1060390 4
273 3861 2
273 3862 1
273 3872 1
274 3862 2
274 1060215 4
388 389 4
388 4005 3
388 4006 2
5 6 4
5 8 2
5 9 1
6 305 1
6 310 1
6 1060307 4
9 12 2
9 10464 5
310 15 5
310 311 4
1060307 1060308 4
1060307 1087545 2
16 17 4
16 18 3
3998 3999 4
3998 4006 2
12 13 4
12 14 3
10464 311 3
10 11 4
10 22 3
10 77 3
11 44 2
22 44 3
22 58 4
22 69 3
77 76 1
77 197 5
44 45 4
44 51 3
14 15 4
14 20 4
15 312 3
20 19 1
20 24 1
20 312 3
312 26 1
312 1060297 5
18 24 4
18 266 2
266 303 3
24 23 1
24 303 1
19 21 3
19 23 1
19 25 4
23 38 5
25 26 4
25 29 1
58 50 3
58 70 3
69 70 4
69 76 3
69 83 1
38 39 4
38 52 1
303 39 4
303 304 4
26 37 4
26 1060297 4
29 27 2
29 314 5
37 36 1
37 313 4
37 1059795 2
1060297 1059754 3
1060297 1059796 1
27 28 4
27 30 2
30 31 4
30 32 3
314 315 4
314 316 3
32 33 4
32 34 3
34 35 4
34 36 3
36 40 1
36 313 3
40 45 5
40 67 3
313 276 2
313 1059823 5
1059795 1059796 4
1059795 1059803 2
39 317 2
39 4027 2
52 53 4
52 71 1
52 132 5
4027 304 3
4027 4004 3
4027 4299 3
317 72 5
317 4041 1
317 4055 2
45 275 5
45 279 1
41 42 4
41 43 3
41 57 4
42 279 3
42 8841 1
57 56 1
57 64 3
57 75 2
279 53 1
51 50 1
275 276 4
275 284 1
46 47 4
46 56 5
46 59 2
47 55 2
47 60 2
56 65 1
59 60 4
59 65 4
59 68 1
55 49 1
55 54 1
60 54 1
48 49 4
48 54 4
48 63 5
48 277 1
54 62 2
277 53 4
277 326 1
63 62 1
50 61 4
61 70 1
61 81 5
53 278 5
71 72 4
71 319 2
132 151 1
132 152 5
278 148 5
278 156 2
62 68 4
65 75 5
65 78 2
64 66 3
64 80 4
75 80 5
75 82 3
70 93 2
68 78 5
81 79 2
81 93 3
81 95 1
66 73 3
66 86 5
80 86 4
80 87 3
78 82 1
73 74 4
73 79 4
86 89 2
86 94 2
76 88 3
76 198 3
83 88 5
83 92 1
93 92 1
72 318 4
319 320 4
319 4052 2
79 89 5
82 87 5
82 106 1
88 96 2
88 387 1
198 197 1
198 10925 3
197 387 5
89 95 4
89 97 2
87 94 3
87 99 3
95 101 4
95 102 3
106 105 1
92 96 1
92 98 4
84 85 4
84 352 2
84 9833 1
85 853 2
85 895 5
9833 907 1
9833 7597 1
9833 9836 2
895 896 4
895 2726 4
94 97 2
94 108 1
99 100 4
99 105 4
99 3558 1
96 103 3
96 104 2
97 102 5
97 107 5
90 91 4
90 297 3
90 400 5
90 1520 5
90 1642 3
91 295 1
91 297 4
91 345 1
297 257 5
297 293 4
400 397 3
400 1642 3
1642 5901 1
295 296 4
295 298 2
295 382 3
345 344 1
345 382 3
345 403 2
98 101 2
98 104 4
108 100 3
108 107 1
108 110 3
101 112 4
101 2339 2
102 111 1
102 113 4
103 115 3
103 124 4
104 115 4
104 120 4
107 113 4
107 346 1
100 109 1
105 9062 3
109 110 4
109 118 1
2339 112 2
2339 120 4
112 111 1
111 119 2
111 122 4
113 114 4
113 121 2
115 120 5
115 123 2
115 128 2
124 123 1
124 347 2
120 119 1
9062 117 5
346 110 1
118 116 2
119 125 4
122 121 1
122 125 2
122 127 5
121 126 5
123 136 2
128 125 3
128 138 5
116 117 4
116 133 3
125 129 1
126 127 4
126 130 1
127 129 3
127 134 3
136 135 1
136 347 4
129 137 2
130 131 4
130 134 1
134 137 2
134 142 2
138 137 1
138 144 4
138 8855 3
137 145 2
151 153 3
151 156 5
152 153 4
152 154 3
142 141 1
142 145 2
135 284 1
135 8946 4
284 406 3
284 1059853 1
8946 411 5
8946 2342 4
8946 8947 4
145 143 2
144 143 1
144 177 2
144 8862 2
8855 140 5
8855 8862 3
139 140 4
139 2342 2
139 8862 2
8862 9824 3
141 143 3
141 325 1
325 324 1
325 8951 4
146 147 4
146 148 3
146 149 2
147 148 4
147 150 2
147 412 5
148 324 4
149 150 4
149 161 3
412 322 5
412 10926 1
150 406 4
150 411 4
324 322 2
161 175 1
161 328 3
411 8949 2
406 285 1
156 155 1
156 4323 3
153 154 4
153 8945 3
155 157 3
155 166 4
157 162 5
157 170 2
166 165 1
166 332 4
4323 4091 2
4323 4138 5
170 171 4
170 4137 3
158 159 4
158 160 3
158 280 3
159 280 4
159 282 2
280 281 4
280 1059924 1
282 283 4
175 173 2
175 178 2
328 327 1
328 4478 5
328 8933 5
163 164 4
163 165 3
163 180 3
164 180 4
164 327 2
165 171 4
180 179 1
327 329 3
327 4477 5
171 4139 2
167 168 4
167 169 3
167 172 5
168 281 2
168 286 2
168 1059923 5
172 176 1
172 292 5
286 292 4
286 1060295 1
281 1059924 2
1059923 1059924 4
1059923 1059925 3
1059923 1059965 3
4137 4138 4
4137 4150 2
4139 334 5
4139 4502 2
176 173 3
176 178 3
292 291 1
292 1059987 5
173 174 4
178 181 2
181 182 4
181 183 3
179 184 5
179 185 4
185 183 2
185 186 4
183 291 2
291 289 2
291 1060013 3
186 187 4
186 188 3
187 333 4
187 336 1
188 194 4
188 289 4
333 334 4
333 335 3
194 195 4
194 361 3
289 362 2
289 1060014 5
189 190 4
189 191 3
189 193 1
190 5294 1
190 5297 3
191 4444 2
191 4454 2
193 192 1
193 9967 1
5294 10525 4
5294 10937 2
5297 4356 1
5297 4444 3
5297 10525 2
4454 4356 3
4454 4506 3
4444 4356 3
4444 10526 3
192 196 1
192 10687 5
196 195 1
196 10400 1
10687 4212 5
10687 10696 1
9967 9968 4
9967 10417 5
195 338 2
361 200 1
361 362 4
361 377 4
338 337 1
338 9407 1
10400 10417 3
199 200 4
199 205 4
199 206 3
200 373 2
200 376 4
206 207 4
206 210 1
205 204 1
373 290 3
373 374 4
373 375 3
376 207 4
376 377 4
376 391 5
201 202 4
201 203 3
201 204 2
201 213 3
202 208 4
202 383 4
203 383 5
204 210 4
204 212 2
213 208 5
213 212 1
213 222 1
208 209 4
208 214 4
210 211 4
210 215 5
212 215 2
212 221 1
207 1203 4
1203 211 2
1203 360 3
209 287 2
209 288 1
209 290 4
214 222 2
214 299 5
287 290 2
287 372 5
287 1060078 4
288 298 5
288 302 1
290 375 5
211 220 1
211 223 3
215 223 2
215 226 4
223 229 4
223 231 2
220 218 2
220 231 4
220 360 5
221 222 4
221 226 5
221 243 3
299 243 1
299 298 1
226 229 2
226 350 1
216 217 4
216 225 1
216 227 4
216 10893 3
217 219 3
217 224 3
225 228 2
225 233 2
227 224 3
227 233 4
227 236 1
224 218 1
224 234 5
219 218 1
219 360 4
218 230 3
230 231 4
230 234 1
230 237 3
231 238 3
243 241 2
243 350 3
229 238 1
234 236 3
234 239 5
228 232 1
228 235 3
233 235 3
233 240 3
350 242 3
350 351 4
236 240 1
232 1355 2
232 1380 2
235 244 1
238 237 1
237 239 3
237 343 4
240 244 1
240 245 5
239 245 4
239 264 5
244 246 3
244 357 2
245 246 4
264 265 4
264 397 2
264 4374 5
241 242 4
241 296 5
242 356 1
296 384 2
357 248 4
357 359 3
246 359 2
359 358 1
247 248 4
247 249 3
247 259 3
247 405 2
248 358 5
249 250 4
249 251 3
259 258 1
259 1371 3
405 250 5
405 391 4
250 263 2
250 4211 4
251 258 3
251 263 3
4211 4207 4
4211 4212 4
263 262 1
263 4245 3
258 265 3
252 253 4
252 254 3
252 256 1
253 294 4
253 10841 2
254 10755 4
254 10757 2
256 255 1
256 293 3
256 341 5
294 293 1
294 10841 3
10841 10756 5
10755 10756 4
10755 10757 3
10757 10941 1
255 257 3
255 260 5
257 10721 1
260 261 4
260 340 5
293 10721 2
341 340 1
341 342 4
341 416 5
265 1371 4
1371 1372 4
261 344 2
340 348 2
4245 4243 2
4245 4244 1
4245 4374 1
397 420 2
4374 525 4
4374 7666 3
267 268 4
267 269 3
267 306 1
267 321 1
268 269 4
268 321 2
268 1410 3
306 1401 5
306 10470 1
269 321 3
269 1400 4
1410 1391 4
1410 1409 1
1410 1416 4
1400 1401 4
1400 1591 4
270 271 4
270 272 3
270 404 1
270 1666 4
271 595 1
271 10476 5
272 595 2
272 10109 3
404 407 2
404 425 4
404 1398 1
1666 1665 1
1666 1746 5
1666 10109 2
595 1386 4
10476 1394 2
10109 10108 1
10109 388461 3
3861 4285 1
3861 4286 5
3862 448 4
3862 1068258 4
3872 389 3
3872 3871 1
3872 4286 1
1060215 1059684 1
1060215 1060202 3
1060215 1087433 2
276 1059812 4
1059812 1059803 4
1059812 1059811 1
1059812 1060231 1
1059924 1059925 4
283 285 3
283 1059870 3
1059870 1059853 2
1059870 1059873 2
1059853 1059852 1
1060295 1059965 5
1060295 1059988 2
1060295 1060035 5
372 371 1
1060078 1060015 3
1060078 1060079 4
298 803 5
302 300 2
302 371 1
302 401 1
362 367 5
1060014 1060013 1
1060014 1060404 5
375 374 1
1060013 1060015 3
1059987 1059988 4
1059987 1059992 5
382 802 5
803 402 1
803 841 2
300 301 4
300 368 2
300 370 5
301 401 5
301 1075 1
368 369 4
368 370 3
370 371 4
370 1062480 5
401 402 4
401 825 1
1075 1020 5
1075 1570 5
304 7600 4
10470 1398 2
10470 10471 4
1401 10471 5
307 308 4
307 4114 3
307 4479 3
307 4579 3
308 10614 4
4114 4069 5
4114 4115 4
4479 4110 4
4479 4480 4
4579 4577 2
4579 4578 1
10614 4070 4
10614 10699 5
1060390 1087546 4
1060390 1087547 3
4041 4012 4
4041 4400 1
4055 4054 1
4055 4401 4
4052 4053 4
4052 4066 1
322 323 4
8951 9403 3
8951 9404 2
329 330 4
329 4144 5
4477 4478 4
4477 10758 4
8933 8776 2
8933 8931 2
4478 10758 5
330 331 4
4144 10015 4
331 8775 1
8775 8776 4
8775 8931 4
334 4149 5
4149 4150 4
4149 4503 1
4149 10506 3
337 339 3
337 377 5
377 391 1
348 349 4
348 416 2
416 415 1
416 488 3
403 825 3
403 841 2
403 1020 3
353 354 4
353 355 3
353 7831 2
354 508 1
354 509 5
7831 7849 2
7831 8747 4
508 439 4
508 510 3
509 513 1
509 514 5
367 374 3
363 364 4
363 991 2
363 4116 2
364 1001 3
364 1009 5
364 8892 2
991 993 3
991 8464 2
4116 4018 3
4116 8457 4
1001 8447 4
1001 9077 4
1009 1021 3
1009 1027 2
1009 1028 1
365 366 4
365 5117 3
365 9332 3
365 10361 4
366 4109 2
366 4177 4
9332 5854 3
9332 9331 1
10361 5062 4
10361 5131 5
5117 4891 1
5117 5854 3
369 419 5
369 486 3
419 417 2
419 486 3
419 487 2
486 487 4
486 1062480 1
1062480 1087517 3
378 379 4
378 4499 4
378 10425 3
4499 4498 1
4499 10252 2
380 381 4
380 1534 1
380 1539 1
380 1550 5
380 4585 5
381 1364 2
381 1550 1
381 10141 5
1539 1540 4
1539 1541 3
1534 1535 4
1534 1541 3
1550 1535 5
1550 1547 3
4585 3471 4
4585 4588 2
4585 10141 4
1364 1547 2
1364 1552 2
10141 1640 1
10141 10142 4
802 920 2
802 992 5
385 386 4
385 390 5
385 392 3
386 410 1
386 630 1
386 631 5
390 392 3
390 410 5
390 2161 4
392 1327 5
630 631 4
630 686 4
630 10451 4
630 388440 5
631 707 4
631 388438 3
410 1769 1
410 2164 1
389 3939 5
4006 4004 2
4006 4294 2
4005 3982 3
4005 4004 1
4005 4297 3
3939 3873 1
3939 3938 1
3939 4290 4
1327 914 3
1327 1390 2
1327 1424 3
393 394 4
393 1095 3
393 1488 5
393 1699 4
394 398 1
394 1469 5
394 1488 1
1699 1455 4
1699 1456 3
1095 1096 4
1095 1463 2
1095 3473 2
1488 10810 3
1469 1468 1
1469 1697 2
398 399 4
398 1468 5
398 10346 2
395 396 4
395 6485 5
395 6489 1
396 6484 2
396 6700 1
6485 6486 4
6485 6489 1
6489 6486 3
6484 2680 4
6484 6526 3
6700 6677 3
6700 6698 2
6700 6699 1
420 421 4
420 524 1
399 1467 2
399 1472 2
399 10810 4
1468 10346 2
10346 1472 4
10346 1697 4
1467 1461 1
1467 1471 1
1472 1471 1
402 825 2
825 1020 5
841 1073 3
407 408 4
407 425 2
425 1396 4
1398 5169 4
1398 10471 2
408 409 4
408 1386 2
409 1592 2
409 1667 2
409 389465 4
1386 1394 2
1386 389434 2
1667 1421 1
1667 1592 5
1592 1422 5
1592 1591 1
2164 680 4
2164 1785 4
2164 2162 2
1769 1768 1
1769 10437 2
8949 8833 1
8949 8947 2
413 414 4
413 418 5
413 489 4
414 489 5
414 490 4
414 491 3
489 602 2
489 604 5
418 417 1
418 10837 1
490 491 4
490 603 2
490 1060395 5
491 596 5
415 421 4
415 422 3
422 426 1
421 504 2
488 424 4
488 428 5
417 505 2
505 494 1
505 506 4
487 596 1
524 525 4
524 526 3
524 7705 4
426 427 4
423 424 4
423 428 5
423 430 3
424 430 4
424 494 5
430 429 1
430 434 1
428 427 1
428 496 2
494 507 2
1396 1397 4
1396 1686 5
427 432 5
432 456 1
432 515 2
496 456 5
496 495 1
429 431 3
429 434 5
431 443 3
431 10838 3
434 433 1
434 443 1
443 433 5
443 492 1
456 455 1
515 440 5
515 511 4
433 492 1
433 10725 3
492 493 4
492 527 5
10725 590 5
10725 10727 3
435 436 4
435 437 3
435 438 2
436 527 4
436 529 2
438 536 2
438 600 3
438 1062473 5
527 528 4
536 534 2
536 594 2
536 1062554 2
600 599 1
600 1062530 5
1062473 1090015 3
1062473 1090016 2
439 440 4
439 452 2
440 601 4
452 451 1
452 516 1
601 10843 3
601 10844 2
441 442 4
441 445 1
441 4582 4
4582 10903 4
4582 10904 3
445 444 1
445 10263 2
444 446 3
444 10283 1
10283 4620 3
10283 10263 5
10263 4594 4
10263 4950 3
447 448 4
447 3791 1
447 1087521 1
448 4285 3
448 1068257 1
3791 1307 4
3791 3790 1
3791 1068256 5
4285 3790 5
4285 4286 4
449 450 4
449 485 4
449 4587 2
450 6748 2
450 6792 3
485 5907 3
485 5909 1
485 9113 2
4587 5907 5
4587 6820 2
6748 6749 4
6748 6754 4
6792 6793 4
6792 6834 3
453 454 4
453 8265 3
453 1067915 3
454 498 1
454 7530 4
8265 576 4
8265 8465 5
498 499 4
498 8942 1
7530 7529 1
7530 8465 5
455 457 3
455 462 3
457 458 4
457 521 1
462 522 5
462 587 5
462 588 4
458 459 4
458 461 2
458 520 3
521 460 1
521 522 4
461 459 2
461 460 1
459 460 4
522 523 4
587 585 2
587 588 4
587 1060651 1
588 589 4
588 1060648 5
463 464 4
463 467 1
463 580 3
464 538 1
464 539 5
580 469 1
580 581 4
580 1060691 4
465 466 4
465 7912 3
465 8788 2
7912 7913 4
7912 7916 1
468 469 4
468 470 3
468 7936 2
469 579 5
469 1061959 5
7936 7916 5
7936 7957 4
579 577 2
579 7957 2
579 1061959 5
1061959 1060690 4
1061959 1060691 3
471 472 4
471 475 1
472 573 4
475 484 1
475 575 5
573 574 4
573 576 2
573 1060791 2
473 474 4
473 1580 3
473 2491 2
473 3499 4
474 2491 3
474 3500 4
1580 3500 5
1580 4421 4
2491 3499 2
3499 3498 1
3500 7670 5
484 8563 1
575 572 3
575 8039 1
575 1060920 5
476 477 4
476 497 4
476 4645 1
477 500 2
477 530 2
477 4658 4
497 4659 3
497 4979 3
497 497225 2
4645 500 5
4645 5069 1
4645 497321 4
500 4646 4
500 4647 3
4658 4657 1
4658 4659 4
530 531 4
530 4657 3
530 4662 3
478 479 4
478 775 3
478 776 2
478 807 1
775 776 4
775 1049 1
775 389113 2
776 1053 3
776 389115 1
807 798 4
807 809 3
480 481 4
481 554 2
481 556 5
481 1062471 5
554 553 1
554 555 4
554 1061350 4
556 555 1
556 557 4
556 1061215 1
482 483 4
483 548 5
483 550 3
483 1061691 2
548 547 1
548 549 4
548 1061767 1
550 551 4
550 552 3
550 1061691 4
1061691 1061685 1
8563 8010 3
8563 8021 2
8563 8039 4
5909 5907 2
5909 9113 1
602 603 4
602 604 3
602 1062479 3
604 605 4
604 1061921 3
603 1089992 1
1060395 1060396 4
1060395 1060397 3
4659 4657 2
4979 4978 1
4979 5154 5
4979 497264 5
497225 497226 4
497225 497264 1
499 577 2
499 8557 2
499 1060758 1
8942 7529 3
577 578 4
577 1061979 3
8557 7986 1
8557 8547 5
8557 8675 2
1060758 1060757 1
1060758 1061979 4
1060758 1061982 1
4646 4639 2
4646 4647 4
4646 4963 3
4647 533 4
4647 4960 2
