# Directed graph (each unordered pair of nodes is saved once): roadNet-PA.txt # Pennsylvania road network# Nodes: 1088092 Edges: 3083796# FromNodeId	ToNodeId0 1 4
0 6309 1
0 6353 2
6353 6354 4
6353 6364 4
6353 6386 2
6309 6310 4
6309 6344 5
2 3 4
2 4 3
2 7 5
3 309 4
4 273 1
4 274 5
4 388 1
7 8 4
7 16 1
7 3998 4
309 6 3
309 274 5
309 1060390 4
273 3861 2
273 3862 1
273 3872 1
274 3862 2
274 1060215 4
388 389 4
388 4005 3
388 4006 2
5 6 4
5 8 2
5 9 1
6 305 1
6 310 1
6 1060307 4
9 12 2
9 10464 5
310 15 5
310 311 4
1060307 1060308 4
1060307 1087545 2
16 17 4
16 18 3
3998 3999 4
3998 4006 2
12 13 4
12 14 3
10464 311 3
10 11 4
10 22 3
10 77 3
11 44 2
22 44 3
22 58 4
22 69 3
77 76 1
77 197 5
44 45 4
44 51 3
14 15 4
14 20 4
15 312 3
20 19 1
20 24 1
20 312 3
312 26 1
312 1060297 5
18 24 4
18 266 2
266 303 3
24 23 1
24 303 1
19 21 3
19 23 1
19 25 4
23 38 5
25 26 4
25 29 1
58 50 3
58 70 3
69 70 4
69 76 3
69 83 1
38 39 4
38 52 1
303 39 4
303 304 4
26 37 4
26 1060297 4
29 27 2
29 314 5
37 36 1
37 313 4
37 1059795 2
1060297 1059754 3
1060297 1059796 1
27 28 4
27 30 2
30 31 4
30 32 3
