# Directed graph (each unordered pair of nodes is saved once): roadNet-PA.txt # Pennsylvania road network# Nodes: 1088092 Edges: 3083796# FromNodeId	ToNodeId0 1 4
0 6309 1
0 6353 2
6353 6354 4
6353 6364 4
6353 6386 2
6309 6310 4
6309 6344 5
2 3 4
2 4 3
2 7 5
3 309 4
4 273 1
4 274 5
4 388 1
7 8 4
7 16 1
7 3998 4
309 6 3
309 274 5
309 1060390 4
273 3861 2
273 3862 1
273 3872 1
274 3862 2
274 1060215 4
388 389 4
388 4005 3
388 4006 2
5 6 4
5 8 2
5 9 1
6 305 1
6 310 1
6 1060307 4
9 12 2
9 10464 5
310 15 5
310 311 4
1060307 1060308 4
1060307 1087545 2
16 17 4
16 18 3
3998 3999 4
3998 4006 2
12 13 4
12 14 3
10464 311 3
10 11 4
10 22 3
10 77 3
11 44 2
22 44 3
22 58 4
22 69 3
77 76 1
77 197 5
44 45 4
44 51 3
14 15 4
14 20 4
15 312 3
20 19 1
20 24 1
20 312 3
312 26 1
312 1060297 5
18 24 4
18 266 2
266 303 3
24 23 1
24 303 1
19 21 3
19 23 1
19 25 4
23 38 5
25 26 4
25 29 1
58 50 3
58 70 3
69 70 4
69 76 3
69 83 1
38 39 4
38 52 1
303 39 4
303 304 4
26 37 4
26 1060297 4
29 27 2
29 314 5
37 36 1
37 313 4
37 1059795 2
1060297 1059754 3
1060297 1059796 1
27 28 4
27 30 2
30 31 4
30 32 3
314 315 4
314 316 3
32 33 4
32 34 3
34 35 4
34 36 3
36 40 1
36 313 3
40 45 5
40 67 3
313 276 2
313 1059823 5
1059795 1059796 4
1059795 1059803 2
39 317 2
39 4027 2
52 53 4
52 71 1
52 132 5
4027 304 3
4027 4004 3
4027 4299 3
317 72 5
317 4041 1
317 4055 2
45 275 5
45 279 1
41 42 4
41 43 3
41 57 4
42 279 3
42 8841 1
57 56 1
57 64 3
57 75 2
279 53 1
51 50 1
275 276 4
275 284 1
46 47 4
46 56 5
46 59 2
47 55 2
47 60 2
56 65 1
59 60 4
59 65 4
59 68 1
55 49 1
55 54 1
60 54 1
48 49 4
48 54 4
48 63 5
48 277 1
54 62 2
277 53 4
277 326 1
63 62 1
50 61 4
61 70 1
61 81 5
53 278 5
71 72 4
71 319 2
132 151 1
132 152 5
278 148 5
278 156 2
62 68 4
65 75 5
65 78 2
64 66 3
64 80 4
75 80 5
75 82 3
70 93 2
68 78 5
81 79 2
81 93 3
81 95 1
66 73 3
66 86 5
80 86 4
80 87 3
78 82 1
73 74 4
73 79 4
86 89 2
86 94 2
76 88 3
76 198 3
83 88 5
83 92 1
93 92 1
72 318 4
319 320 4
319 4052 2
79 89 5
82 87 5
82 106 1
88 96 2
88 387 1
198 197 1
198 10925 3
197 387 5
89 95 4
89 97 2
87 94 3
87 99 3
95 101 4
95 102 3
106 105 1
92 96 1
92 98 4
84 85 4
84 352 2
84 9833 1
85 853 2
85 895 5
9833 907 1
9833 7597 1
9833 9836 2
895 896 4
895 2726 4
94 97 2
94 108 1
99 100 4
99 105 4
99 3558 1
96 103 3
96 104 2
97 102 5
97 107 5
90 91 4
90 297 3
90 400 5
90 1520 5
90 1642 3
91 295 1
91 297 4
91 345 1
297 257 5
297 293 4
400 397 3
400 1642 3
1642 5901 1
295 296 4
295 298 2
295 382 3
345 344 1
345 382 3
345 403 2
98 101 2
98 104 4
108 100 3
108 107 1
108 110 3
101 112 4
101 2339 2
102 111 1
102 113 4
103 115 3
103 124 4
104 115 4
104 120 4
107 113 4
107 346 1
100 109 1
105 9062 3
109 110 4
109 118 1
2339 112 2
2339 120 4
112 111 1
111 119 2
111 122 4
113 114 4
113 121 2
115 120 5
115 123 2
115 128 2
124 123 1
124 347 2
120 119 1
9062 117 5
346 110 1
118 116 2
119 125 4
122 121 1
122 125 2
122 127 5
121 126 5
123 136 2
128 125 3
128 138 5
116 117 4
116 133 3
125 129 1
126 127 4
126 130 1
127 129 3
127 134 3
136 135 1
136 347 4
129 137 2
130 131 4
130 134 1
134 137 2
134 142 2
138 137 1
138 144 4
138 8855 3
137 145 2
151 153 3
151 156 5
152 153 4
152 154 3
142 141 1
142 145 2
135 284 1
135 8946 4
284 406 3
284 1059853 1
8946 411 5
8946 2342 4
8946 8947 4
145 143 2
144 143 1
144 177 2
144 8862 2
8855 140 5
8855 8862 3
139 140 4
139 2342 2
139 8862 2
8862 9824 3
141 143 3
141 325 1
325 324 1
325 8951 4
146 147 4
146 148 3
146 149 2
147 148 4
147 150 2
147 412 5
148 324 4
149 150 4
149 161 3
412 322 5
412 10926 1
150 406 4
150 411 4
324 322 2
161 175 1
161 328 3
411 8949 2
406 285 1
156 155 1
156 4323 3
153 154 4
153 8945 3
155 157 3
155 166 4
157 162 5
157 170 2
166 165 1
166 332 4
4323 4091 2
4323 4138 5
170 171 4
170 4137 3
158 159 4
158 160 3
158 280 3
159 280 4
159 282 2
280 281 4
280 1059924 1
282 283 4
175 173 2
175 178 2
328 327 1
328 4478 5
328 8933 5
163 164 4
163 165 3
163 180 3
164 180 4
164 327 2
165 171 4
180 179 1
327 329 3
327 4477 5
171 4139 2
167 168 4
167 169 3
167 172 5
168 281 2
168 286 2
168 1059923 5
172 176 1
172 292 5
286 292 4
286 1060295 1
281 1059924 2
1059923 1059924 4
1059923 1059925 3
1059923 1059965 3
4137 4138 4
4137 4150 2
4139 334 5
4139 4502 2
176 173 3
176 178 3
292 291 1
292 1059987 5
173 174 4
178 181 2
181 182 4
181 183 3
179 184 5
179 185 4
185 183 2
185 186 4
183 291 2
291 289 2
291 1060013 3
186 187 4
186 188 3
187 333 4
187 336 1
188 194 4
188 289 4
333 334 4
333 335 3
194 195 4
194 361 3
289 362 2
289 1060014 5
189 190 4
189 191 3
189 193 1
190 5294 1
190 5297 3
191 4444 2
191 4454 2
193 192 1
193 9967 1
5294 10525 4
5294 10937 2
5297 4356 1
5297 4444 3
5297 10525 2
4454 4356 3
4454 4506 3
4444 4356 3
4444 10526 3
192 196 1
192 10687 5
196 195 1
196 10400 1
10687 4212 5
10687 10696 1
9967 9968 4
9967 10417 5
195 338 2
361 200 1
361 362 4
361 377 4
338 337 1
338 9407 1
10400 10417 3
199 200 4
199 205 4
199 206 3
200 373 2
200 376 4
206 207 4
206 210 1
205 204 1
373 290 3
373 374 4
373 375 3
376 207 4
376 377 4
376 391 5
201 202 4
201 203 3
201 204 2
201 213 3
202 208 4
202 383 4
203 383 5
204 210 4
204 212 2
213 208 5
213 212 1
213 222 1
208 209 4
208 214 4
210 211 4
210 215 5
212 215 2
212 221 1
207 1203 4
1203 211 2
1203 360 3
209 287 2
209 288 1
209 290 4
214 222 2
214 299 5
287 290 2
287 372 5
287 1060078 4
288 298 5
288 302 1
290 375 5
211 220 1
211 223 3
215 223 2
215 226 4
223 229 4
223 231 2
220 218 2
220 231 4
220 360 5
221 222 4
221 226 5
221 243 3
299 243 1
299 298 1
226 229 2
226 350 1
216 217 4
216 225 1
216 227 4
216 10893 3
217 219 3
217 224 3
225 228 2
225 233 2
227 224 3
227 233 4
227 236 1
224 218 1
224 234 5
219 218 1
219 360 4
218 230 3
230 231 4
230 234 1
230 237 3
231 238 3
243 241 2
243 350 3
229 238 1
234 236 3
234 239 5
228 232 1
228 235 3
233 235 3
233 240 3
350 242 3
350 351 4
236 240 1
232 1355 2
232 1380 2
235 244 1
238 237 1
237 239 3
237 343 4
240 244 1
240 245 5
239 245 4
239 264 5
244 246 3
244 357 2
245 246 4
264 265 4
264 397 2
264 4374 5
241 242 4
241 296 5
242 356 1
296 384 2
357 248 4
357 359 3
246 359 2
359 358 1
247 248 4
247 249 3
247 259 3
247 405 2
248 358 5
249 250 4
249 251 3
259 258 1
259 1371 3
405 250 5
405 391 4
250 263 2
250 4211 4
251 258 3
251 263 3
4211 4207 4
4211 4212 4
263 262 1
263 4245 3
258 265 3
252 253 4
252 254 3
252 256 1
253 294 4
253 10841 2
254 10755 4
254 10757 2
256 255 1
256 293 3
256 341 5
294 293 1
294 10841 3
10841 10756 5
10755 10756 4
10755 10757 3
10757 10941 1
255 257 3
255 260 5
257 10721 1
260 261 4
260 340 5
293 10721 2
341 340 1
341 342 4
341 416 5
265 1371 4
1371 1372 4
261 344 2
340 348 2
4245 4243 2
4245 4244 1
4245 4374 1
397 420 2
4374 525 4
4374 7666 3
267 268 4
267 269 3
267 306 1
267 321 1
268 269 4
268 321 2
268 1410 3
306 1401 5
306 10470 1
269 321 3
269 1400 4
1410 1391 4
1410 1409 1
1410 1416 4
1400 1401 4
1400 1591 4
270 271 4
270 272 3
270 404 1
270 1666 4
271 595 1
271 10476 5
272 595 2
272 10109 3
404 407 2
404 425 4
404 1398 1
1666 1665 1
1666 1746 5
1666 10109 2
595 1386 4
10476 1394 2
10109 10108 1
10109 388461 3
3861 4285 1
3861 4286 5
3862 448 4
3862 1068258 4
3872 389 3
3872 3871 1
3872 4286 1
1060215 1059684 1
1060215 1060202 3
1060215 1087433 2
276 1059812 4
1059812 1059803 4
1059812 1059811 1
1059812 1060231 1
1059924 1059925 4
283 285 3
283 1059870 3
1059870 1059853 2
1059870 1059873 2
1059853 1059852 1
1060295 1059965 5
1060295 1059988 2
1060295 1060035 5
372 371 1
1060078 1060015 3
1060078 1060079 4
298 803 5
302 300 2
302 371 1
302 401 1
362 367 5
1060014 1060013 1
1060014 1060404 5
375 374 1
1060013 1060015 3
1059987 1059988 4
1059987 1059992 5
382 802 5
803 402 1
803 841 2
300 301 4
300 368 2
300 370 5
301 401 5
301 1075 1
368 369 4
368 370 3
370 371 4
370 1062480 5
401 402 4
401 825 1
1075 1020 5
1075 1570 5
304 7600 4
10470 1398 2
10470 10471 4
1401 10471 5
307 308 4
307 4114 3
307 4479 3
307 4579 3
308 10614 4
4114 4069 5
4114 4115 4
4479 4110 4
4479 4480 4
4579 4577 2
4579 4578 1
10614 4070 4
10614 10699 5
1060390 1087546 4
1060390 1087547 3
4041 4012 4
4041 4400 1
4055 4054 1
4055 4401 4
4052 4053 4
4052 4066 1
322 323 4
8951 9403 3
8951 9404 2
329 330 4
329 4144 5
4477 4478 4
4477 10758 4
8933 8776 2
8933 8931 2
4478 10758 5
330 331 4
4144 10015 4
331 8775 1
8775 8776 4
8775 8931 4
334 4149 5
4149 4150 4
4149 4503 1
4149 10506 3
337 339 3
337 377 5
377 391 1
348 349 4
348 416 2
416 415 1
416 488 3
403 825 3
403 841 2
403 1020 3
353 354 4
353 355 3
353 7831 2
354 508 1
354 509 5
7831 7849 2
7831 8747 4
508 439 4
508 510 3
509 513 1
509 514 5
367 374 3
363 364 4
363 991 2
363 4116 2
364 1001 3
364 1009 5
364 8892 2
991 993 3
991 8464 2
4116 4018 3
4116 8457 4
1001 8447 4
1001 9077 4
1009 1021 3
1009 1027 2
1009 1028 1
365 366 4
365 5117 3
365 9332 3
365 10361 4
366 4109 2
366 4177 4
9332 5854 3
9332 9331 1
10361 5062 4
10361 5131 5
5117 4891 1
5117 5854 3
369 419 5
369 486 3
419 417 2
419 486 3
419 487 2
486 487 4
486 1062480 1
1062480 1087517 3
378 379 4
378 4499 4
378 10425 3
4499 4498 1
4499 10252 2
380 381 4
380 1534 1
380 1539 1
380 1550 5
380 4585 5
381 1364 2
381 1550 1
381 10141 5
1539 1540 4
1539 1541 3
1534 1535 4
1534 1541 3
1550 1535 5
1550 1547 3
4585 3471 4
4585 4588 2
4585 10141 4
1364 1547 2
1364 1552 2
10141 1640 1
10141 10142 4
802 920 2
802 992 5
385 386 4
385 390 5
385 392 3
386 410 1
386 630 1
386 631 5
390 392 3
390 410 5
390 2161 4
392 1327 5
630 631 4
630 686 4
630 10451 4
630 388440 5
631 707 4
631 388438 3
410 1769 1
410 2164 1
389 3939 5
4006 4004 2
4006 4294 2
4005 3982 3
4005 4004 1
4005 4297 3
3939 3873 1
3939 3938 1
3939 4290 4
1327 914 3
1327 1390 2
1327 1424 3
393 394 4
393 1095 3
393 1488 5
393 1699 4
394 398 1
394 1469 5
394 1488 1
1699 1455 4
1699 1456 3
1095 1096 4
1095 1463 2
1095 3473 2
1488 10810 3
1469 1468 1
1469 1697 2
398 399 4
398 1468 5
398 10346 2
395 396 4
395 6485 5
395 6489 1
396 6484 2
396 6700 1
6485 6486 4
6485 6489 1
6489 6486 3
6484 2680 4
6484 6526 3
6700 6677 3
6700 6698 2
6700 6699 1
420 421 4
420 524 1
399 1467 2
399 1472 2
399 10810 4
1468 10346 2
10346 1472 4
10346 1697 4
1467 1461 1
1467 1471 1
1472 1471 1
402 825 2
825 1020 5
841 1073 3
407 408 4
407 425 2
425 1396 4
1398 5169 4
1398 10471 2
408 409 4
408 1386 2
409 1592 2
409 1667 2
409 389465 4
1386 1394 2
1386 389434 2
1667 1421 1
1667 1592 5
1592 1422 5
1592 1591 1
2164 680 4
2164 1785 4
2164 2162 2
1769 1768 1
1769 10437 2
8949 8833 1
8949 8947 2
413 414 4
413 418 5
413 489 4
414 489 5
414 490 4
414 491 3
489 602 2
489 604 5
418 417 1
418 10837 1
490 491 4
490 603 2
490 1060395 5
491 596 5
415 421 4
415 422 3
422 426 1
421 504 2
488 424 4
488 428 5
417 505 2
505 494 1
505 506 4
487 596 1
524 525 4
524 526 3
524 7705 4
426 427 4
423 424 4
423 428 5
423 430 3
424 430 4
424 494 5
430 429 1
430 434 1
428 427 1
428 496 2
494 507 2
1396 1397 4
1396 1686 5
427 432 5
432 456 1
432 515 2
496 456 5
496 495 1
429 431 3
429 434 5
431 443 3
431 10838 3
434 433 1
434 443 1
443 433 5
443 492 1
456 455 1
515 440 5
515 511 4
433 492 1
433 10725 3
492 493 4
492 527 5
10725 590 5
10725 10727 3
435 436 4
435 437 3
435 438 2
436 527 4
436 529 2
438 536 2
438 600 3
438 1062473 5
527 528 4
536 534 2
536 594 2
536 1062554 2
600 599 1
600 1062530 5
1062473 1090015 3
1062473 1090016 2
439 440 4
439 452 2
440 601 4
452 451 1
452 516 1
601 10843 3
601 10844 2
441 442 4
441 445 1
441 4582 4
4582 10903 4
4582 10904 3
445 444 1
445 10263 2
444 446 3
444 10283 1
10283 4620 3
10283 10263 5
10263 4594 4
10263 4950 3
447 448 4
447 3791 1
447 1087521 1
448 4285 3
448 1068257 1
3791 1307 4
3791 3790 1
3791 1068256 5
4285 3790 5
4285 4286 4
449 450 4
449 485 4
449 4587 2
450 6748 2
450 6792 3
485 5907 3
485 5909 1
485 9113 2
4587 5907 5
4587 6820 2
6748 6749 4
6748 6754 4
6792 6793 4
6792 6834 3
453 454 4
453 8265 3
453 1067915 3
454 498 1
454 7530 4
8265 576 4
8265 8465 5
498 499 4
498 8942 1
7530 7529 1
7530 8465 5
455 457 3
455 462 3
457 458 4
457 521 1
462 522 5
462 587 5
462 588 4
458 459 4
458 461 2
458 520 3
521 460 1
521 522 4
461 459 2
461 460 1
459 460 4
522 523 4
587 585 2
587 588 4
587 1060651 1
588 589 4
588 1060648 5
463 464 4
463 467 1
463 580 3
464 538 1
464 539 5
580 469 1
580 581 4
580 1060691 4
465 466 4
465 7912 3
465 8788 2
7912 7913 4
7912 7916 1
468 469 4
468 470 3
468 7936 2
469 579 5
469 1061959 5
7936 7916 5
7936 7957 4
579 577 2
579 7957 2
579 1061959 5
1061959 1060690 4
1061959 1060691 3
471 472 4
471 475 1
472 573 4
475 484 1
475 575 5
573 574 4
573 576 2
573 1060791 2
473 474 4
473 1580 3
473 2491 2
473 3499 4
474 2491 3
474 3500 4
1580 3500 5
1580 4421 4
2491 3499 2
3499 3498 1
3500 7670 5
484 8563 1
575 572 3
575 8039 1
575 1060920 5
476 477 4
476 497 4
476 4645 1
477 500 2
477 530 2
477 4658 4
497 4659 3
497 4979 3
497 497225 2
4645 500 5
4645 5069 1
4645 497321 4
500 4646 4
500 4647 3
4658 4657 1
4658 4659 4
530 531 4
530 4657 3
530 4662 3
478 479 4
478 775 3
478 776 2
478 807 1
775 776 4
775 1049 1
775 389113 2
776 1053 3
776 389115 1
807 798 4
807 809 3
480 481 4
481 554 2
481 556 5
481 1062471 5
554 553 1
554 555 4
554 1061350 4
556 555 1
556 557 4
556 1061215 1
482 483 4
483 548 5
483 550 3
483 1061691 2
548 547 1
548 549 4
548 1061767 1
550 551 4
550 552 3
550 1061691 4
1061691 1061685 1
8563 8010 3
8563 8021 2
8563 8039 4
5909 5907 2
5909 9113 1
602 603 4
602 604 3
602 1062479 3
604 605 4
604 1061921 3
603 1089992 1
1060395 1060396 4
1060395 1060397 3
4659 4657 2
4979 4978 1
4979 5154 5
4979 497264 5
497225 497226 4
497225 497264 1
499 577 2
499 8557 2
499 1060758 1
8942 7529 3
577 578 4
577 1061979 3
8557 7986 1
8557 8547 5
8557 8675 2
1060758 1060757 1
1060758 1061979 4
1060758 1061982 1
4646 4639 2
4646 4647 4
4646 4963 3
4647 533 4
4647 4960 2
501 502 4
501 503 3
502 540 2
502 542 5
502 1062084 3
503 540 3
540 541 4
540 1062090 5
542 543 4
542 8445 2
542 1062083 4
1062084 1062083 1
1062084 1062088 1
513 10843 5
511 512 4
512 8789 3
517 518 4
517 519 3
517 8908 4
8908 8885 3
8908 8887 1
8908 10571 2
7705 7694 1
7705 7706 4
7705 8511 4
531 4975 1
531 4977 4
531 4978 3
4662 4663 4
4662 4669 3
4978 5160 3
4975 4976 4
4975 4977 3
4977 4972 5
4977 4974 3
532 533 4
532 537 5
532 4642 5
532 4961 1
533 4960 3
533 4961 2
537 4971 1
537 4974 3
4642 4608 4
4642 4641 1
4642 4648 4
4961 10316 5
4961 10330 1
4960 4971 4
534 535 4
534 594 5
535 594 1
535 605 5
535 1061919 1
594 1084969 5
605 606 4
605 1061921 4
1061919 1060543 1
1061919 1061920 4
1061919 1061921 3
4974 4972 2
4971 10359 2
541 10317 4
1062090 1061871 4
1062090 1062089 1
10317 8445 2
10317 10318 4
10317 1061870 2
543 544 4
543 547 1
543 1062078 5
543 1062098 5
8445 8446 4
1062083 1061814 4
1062083 1062078 5
544 549 5
544 8385 4
547 1061766 1
1062078 1061802 1
1062098 1061766 2
1062098 1061773 5
1062098 1061802 1
8385 8365 5
8385 8384 1
8385 8613 2
549 8365 4
549 8391 3
545 546 4
545 9102 3
545 9115 5
546 1998 3
546 9118 3
9115 1378 2
9115 9105 5
9102 9101 1
9102 9376 1
1998 1997 1
1998 9108 5
9118 1378 5
9118 2097 1
1061766 1061767 4
1061766 1061773 3
1061767 1062076 1
1061767 1062077 5
8365 551 4
8365 8372 3
551 8360 1
552 553 4
552 8330 2
552 1061440 2
8360 8373 2
8360 8601 4
8360 8602 3
553 8586 2
553 1061441 2
8330 8329 1
8330 8854 1
1061440 1061441 4
1061440 1061466 4
8586 8585 1
8586 8682 4
8586 8683 3
1061441 1062049 2
1061441 1062399 2
555 8266 4
555 8683 2
1061350 1061351 4
1061350 1061388 2
8266 8260 1
8266 8279 2
8683 8279 4
557 558 4
557 1062165 2
1061215 1061214 1
1061215 1061216 4
1061215 1062165 5
558 559 4
558 8280 3
558 1062472 1
1062165 1062163 2
1062165 1062570 5
559 597 2
559 598 1
559 1062472 2
8280 8261 4
8280 10851 4
1062472 1062493 4
1062472 1062570 2
597 10547 5
597 1084862 5
598 8277 1
598 10549 4
598 10851 2
560 561 4
560 8203 2
560 10547 3
560 1061118 2
561 564 2
561 8171 5
561 1061081 5
8203 8204 4
8203 9048 5
10547 10548 4
1061118 1061097 1
1061118 1061121 2
1061118 1084863 5
564 562 2
564 8157 2
8171 8157 4
8171 8173 3
8171 10682 4
1061081 1061055 1
1061081 1061084 2
1061081 1061097 4
562 563 4
562 565 2
562 1061054 3
563 8145 3
563 8157 1
563 10401 2
565 566 4
565 8130 5
565 1061056 4
1061054 1061055 4
1061054 1061056 3
8145 8146 4
8145 8147 3
8157 8162 5
10401 8130 1
10401 9028 3
566 567 4
566 8110 1
566 1061034 2
8130 8110 5
1061056 1061034 2
567 568 4
567 8083 4
567 1061012 5
8110 8111 4
8110 8113 2
1061034 1061012 2
568 571 2
8083 8084 4
8083 8087 1
8083 8111 2
1061012 1061013 4
571 569 2
571 8061 5
571 1062133 3
569 570 4
569 572 2
569 1062133 1
572 8676 1
1062133 1060982 1
1062133 1061013 5
8061 8060 1
8061 10681 5
8676 8039 2
574 7999 5
574 8001 3
576 8465 1
1060791 1060792 4
1060791 1060825 1
8001 8941 5
8001 8943 3
7999 8000 4
7999 8021 3
8039 8038 1
1060920 1060904 1
1060920 1060983 2
578 7956 2
578 7968 5
1061979 1061982 2
7956 7957 4
7956 7960 1
7957 7961 1
581 582 4
581 583 3
581 1060691 5
1060691 1060690 1
583 584 4
583 585 3
583 1060662 1
585 586 4
585 1060663 2
1060662 1060663 4
1060662 1060690 2
1060663 1062252 1
1060651 1060647 4
1060651 1060655 1
589 590 4
589 591 3
589 1060644 5
1060648 1060647 1
1060648 1062548 5
590 10726 4
591 592 4
591 593 3
591 1060645 1
1060644 1060645 4
1060644 1060647 2
593 607 1
593 1061969 4
1060645 1062174 1
607 599 3
1061969 1060633 1
1061969 1061968 1
1061969 1062558 1
1084969 1060542 2
1084969 1084970 4
1084862 1062493 4
1084862 1084863 4
8277 8278 4
8277 9048 4
8277 10851 1
10549 10548 1
1062530 1062531 4
1062530 1062557 3
1062530 1090025 5
1062479 1062179 5
1062479 1085325 4
1061921 1061920 1
608 609 4
608 610 3
608 612 1
608 682 1
609 684 5
609 702 2
609 388727 2
610 683 2
610 698 2
610 702 3
612 611 1
612 619 3
612 684 3
682 619 3
682 696 1
684 613 1
684 388570 4
702 701 1
388727 701 1
388727 388426 1
388727 388427 5
698 699 4
698 700 3
698 808 5
683 619 4
683 635 3
683 659 4
611 613 3
611 614 2
613 703 5
613 388570 3
614 618 1
614 622 2
619 618 1
703 704 4
388570 388428 2
388570 388571 4
618 659 4
622 620 2
622 621 1
622 659 3
615 616 4
615 617 3
615 623 2
616 808 3
616 811 5
623 624 4
623 625 3
808 699 4
808 828 5
811 831 5
811 1013 3
659 635 4
620 621 4
620 628 2
620 1740 5
621 660 1
628 627 1
628 695 3
1740 1741 4
1740 1744 1
660 661 4
660 704 1
624 831 3
624 1012 2
625 626 4
831 842 4
626 634 2
626 685 1
634 635 4
634 645 4
685 662 3
685 879 1
685 2689 1
627 629 3
627 637 5
627 638 4
629 637 2
629 668 1
629 669 5
638 639 4
638 653 5
637 636 1
637 639 3
686 687 4
686 692 4
686 10451 5
10451 10106 5
10451 388569 2
388440 388437 3
388440 388438 2
707 10447 5
388438 388429 4
388438 388437 1
388438 388439 4
632 633 4
632 1514 3
632 1557 5
633 1514 4
633 2769 4
1557 2770 2
1557 2772 5
1514 1513 1
2769 2770 4
2769 2772 2
635 646 4
645 646 4
645 2169 1
646 681 5
646 1758 3
636 639 2
636 672 4
639 653 1
672 641 1
672 10481 1
653 652 1
653 667 1
640 641 4
640 642 3
640 673 2
641 654 2
641 655 1
641 673 3
642 649 3
642 651 1
673 664 4
673 666 2
654 652 2
654 655 4
654 671 3
654 674 5
655 651 4
655 676 4
649 650 4
649 651 3
643 644 4
643 650 3
643 657 1
644 664 5
644 665 4
644 666 3
650 656 4
657 656 1
657 677 5
664 694 5
664 10447 2
2169 1758 1
2169 2358 1
1758 1757 1
1758 2167 1
647 648 4
647 678 4
647 687 5
647 1056 1
648 1399 4
648 2160 3
648 2621 2
678 1403 5
678 2166 2
1056 2630 1
1056 10106 5
1056 388568 3
687 10106 1
1399 1392 2
1399 1746 3
2621 2624 2
2621 10107 4
2621 388456 5
2160 1665 5
2160 1746 4
2160 10107 3
656 658 3
656 676 5
652 670 2
670 667 3
670 671 4
670 1737 3
667 688 4
671 674 2
674 675 4
674 1743 1
676 675 1
676 691 5
658 691 2
658 1738 5
677 680 2
1738 1739 4
1738 2165 3
691 690 1
691 1031 5
661 704 2
661 705 1
661 388439 2
705 706 4
388439 388441 3
10447 706 1
688 689 4
688 1737 1
688 1745 3
1737 1742 5
675 690 5
1743 697 1
1743 1761 2
690 697 3
690 1031 4
680 679 1
680 1829 1
1403 1390 3
1403 1392 1
1403 1402 1
1829 1739 5
1829 1830 4
879 842 2
879 2669 5
2689 2359 5
2689 2669 5
2689 3221 3
692 2159 3
1745 1744 1
1745 2157 3
1745 2158 2
697 1748 4
1031 1749 2
1031 2165 1
1748 1749 4
1748 1753 5
699 796 3
700 701 4
700 797 3
796 788 3
796 797 4
797 790 2
797 389118 4
706 388441 5
708 709 4
708 777 1
709 780 4
709 789 5
777 789 3
777 790 2
777 389121 1
780 778 2
780 779 1
780 389119 1
789 788 1
710 711 4
710 919 1
710 921 4
711 863 3
919 918 1
919 1060 4
921 714 2
863 1039 4
863 389013 5
863 389360 3
712 713 4
712 714 3
712 715 2
713 922 1
713 1040 3
713 382621 2
714 922 2
714 1060 4
715 1060 5
715 1061 4
715 1065 5
922 1039 3
922 389361 1
1040 717 3
1040 382621 4
382621 382622 4
382621 395383 3
1060 1061 4
1061 1057 4
1061 1263 3
1065 1064 1
1065 1068 2
716 717 4
716 720 1
716 1037 4
716 10454 2
717 1038 4
717 389291 1
720 724 1
720 732 3
720 986 4
1037 986 1
1037 1038 4
1037 1041 1
10454 1069 5
1038 1041 2
389291 389048 3
389291 389051 5
718 719 4
718 723 5
719 721 3
723 721 2
723 724 4
721 722 4
724 727 2
732 731 1
732 988 4
986 985 1
986 988 3
722 1064 3
722 1069 3
1064 1079 5
727 728 4
727 730 2
725 726 4
725 729 1
725 931 4
725 1046 4
726 1042 4
726 1044 2
726 389068 3
729 735 4
729 740 4
931 743 3
931 932 4
931 1055 1
1046 1044 2
1046 1047 4
1046 389084 2
1042 1041 1
1042 1043 4
1042 389068 4
389068 389063 5
389068 389084 4
728 975 3
728 1088 5
728 1089 4
730 737 3
730 975 5
975 751 4
975 1094 1
1088 1086 2
1088 1089 4
1088 1094 4
1089 1079 5
1089 1081 3
735 739 1
735 755 5
740 741 4
740 746 4
737 736 1
737 1026 1
731 733 3
731 736 5
733 734 4
733 736 2
733 930 3
736 738 3
736 930 1
988 734 4
988 1036 2
734 1055 4
930 743 2
930 1055 5
739 747 2
739 748 1
755 742 3
755 761 4
738 744 4
738 929 4
1026 745 1
1026 973 3
744 745 4
744 927 2
929 743 1
929 754 5
929 927 2
747 746 1
747 749 3
748 749 4
748 766 2
741 1045 1
741 1047 4
741 389307 4
741 389308 3
746 756 5
746 941 5
1045 757 3
1045 389307 3
389307 389091 1
389307 389092 5
389308 389082 1
389308 389092 1
389308 389298 5
742 743 4
742 753 4
753 754 4
753 774 4
745 973 2
745 974 1
927 760 2
927 972 5
973 751 2
973 1025 3
974 972 2
974 1024 5
974 1025 4
756 757 4
756 767 4
941 813 3
941 990 1
749 943 1
766 765 1
766 989 2
943 813 5
750 751 4
750 752 3
750 925 5
751 1025 1
752 1094 3
752 1099 3
925 926 4
925 928 2
925 1023 2
1025 928 2
1099 1097 2
1099 1123 1
754 10657 2
774 760 4
774 773 1
774 938 1
761 765 1
761 787 4
757 1048 4
757 389108 4
767 768 4
767 979 3
1048 1052 1
389108 1052 1
389108 389025 3
389108 389104 4
758 759 4
758 760 3
758 773 5
758 782 1
759 940 4
759 1023 1
759 1024 5
760 972 3
773 793 5
782 781 1
782 793 4
782 940 2
1023 928 5
1023 1022 1
1024 928 1
1024 972 2
940 1022 3
940 1288 2
765 810 5
787 791 1
787 938 4
762 763 4
762 764 3
762 769 3
763 764 4
763 1051 2
763 389102 1
764 1050 4
764 389113 1
769 770 4
769 984 5
1051 768 3
389102 389077 5
389102 389104 3
1050 1049 1
389113 389114 4
810 801 4
810 812 3
810 820 5
768 1052 1
979 806 3
979 980 4
770 772 3
770 805 5
984 977 2
984 10961 3
805 806 4
805 829 1
772 771 1
772 10583 4
793 792 1
793 794 4
938 794 4
938 939 4
1053 800 3
389115 800 5
389115 389116 4
790 788 2
790 389122 3
389121 389120 1
389121 389122 4
778 779 4
778 804 4
778 958 5
779 1019 5
779 389119 5
804 828 1
804 844 5
958 799 4
958 960 3
958 1019 4
1019 1054 5
389119 389111 3
781 783 3
781 1134 2
1134 1132 2
1134 1133 1
1134 1289 5
784 785 4
784 786 3
784 801 3
801 795 1
791 795 1
791 937 4
389122 389120 2
795 936 4
937 834 3
937 936 1
937 939 3
792 794 3
792 814 3
792 815 2
794 939 5
814 824 5
814 837 2
815 837 3
815 875 5
939 834 5
936 833 3
936 935 1
389118 388426 2
389118 389120 3
798 799 4
798 800 3
799 960 4
799 1054 5
800 1054 1
960 934 1
960 959 1
1054 389263 1
844 843 1
844 1011 3
828 826 2
828 869 4
806 981 5
829 830 4
829 838 1
809 818 1
809 953 1
953 840 3
953 933 5
953 10455 3
818 816 2
818 10457 1
812 813 4
812 823 4
820 819 1
820 833 2
820 951 4
1013 827 1
813 942 1
823 821 2
823 942 1
823 951 2
824 1145 4
824 1326 3
824 1377 2
837 866 1
875 888 2
875 891 4
816 817 4
816 830 1
816 840 1
817 976 1
817 1003 4
840 839 1
840 952 3
830 10458 2
976 977 4
976 978 3
819 832 2
819 845 4
832 833 4
832 834 3
845 855 5
845 864 1
951 855 1
951 858 3
833 834 4
821 822 4
821 835 1
835 836 4
835 838 2
1145 1146 4
1145 1149 1
1326 871 5
1326 1181 5
1326 1387 4
1377 1146 1
1377 1375 2
826 827 4
826 842 4
826 847 4
847 848 4
847 859 3
869 843 1
869 868 1
869 1016 3
838 858 5
866 865 1
866 945 1
858 857 1
858 952 1
839 852 2
839 959 5
852 856 1
852 862 5
959 850 4
959 962 2
952 882 5
952 883 4
843 846 2
843 1010 3
846 851 5
846 969 2
864 867 2
864 950 4
855 854 1
855 950 5
851 849 2
851 850 1
851 970 1
969 956 3
969 970 4
969 1016 3
859 868 1
859 878 1
849 850 4
849 961 3
849 1005 4
850 962 3
1005 911 4
1005 1004 1
1005 1006 4
961 861 5
961 964 2
961 971 5
962 862 5
962 971 1
970 956 4
970 1008 2
856 877 4
856 883 3
862 860 2
862 877 5
854 903 1
854 9857 2
903 902 1
903 905 3
903 2652 1
950 1002 3
950 1014 1
877 876 1
877 883 4
883 881 2
857 872 5
857 882 5
872 873 4
872 2645 2
882 881 1
882 2686 1
868 966 2
860 861 4
860 876 4
860 963 2
861 964 2
861 971 5
876 880 1
876 2648 3
963 964 4
963 965 3
963 1004 4
389013 388972 1
389013 388998 5
389360 388982 3
389360 389420 5
389360 1067784 1
867 874 3
867 893 4
865 870 5
865 886 4
870 871 4
870 884 1
886 885 1
886 944 2
886 945 1
874 894 5
874 7539 5
893 901 2
893 2646 2
966 957 4
966 967 4
966 2649 2
1016 968 3
884 2671 3
884 3217 2
2645 2652 3
2645 2665 5
894 887 2
894 994 5
894 2646 3
891 888 3
891 890 1
891 892 4
888 887 1
888 948 5
880 881 4
880 2650 5
2648 2650 3
2648 10445 3
2669 2677 2
2650 2661 4
2686 2665 1
2686 2685 1
2686 2688 3
2671 2670 1
2671 2672 4
2671 3219 2
3217 1387 5
3217 2672 5
3217 4449 3
885 897 3
885 946 4
946 892 4
946 947 4
946 949 2
944 3220 4
887 889 3
890 892 3
890 2653 2
892 947 5
2653 994 4
2653 2683 5
947 3220 2
901 900 1
901 1014 2
2646 2696 5
994 3233 1
2726 2727 4
2726 9836 5
2726 9837 4
898 899 4
898 3049 4
898 7586 2
899 3114 5
899 10518 1
3049 3193 1
3049 10397 2
7586 7587 4
7586 10397 4
3114 3115 4
3114 3193 1
10518 7587 1
10518 8986 2
1014 1002 2
1014 3224 5
905 904 1
905 1002 3
2652 2674 3
906 907 4
906 2727 4
906 9838 3
907 9825 2
2727 2947 5
9838 9837 1
9838 9839 4
9825 7597 3
9825 9856 4
908 909 4
908 955 3
908 1017 1
909 954 5
909 955 4
1017 1008 4
1017 2651 1
955 2647 3
954 956 3
954 957 2
910 911 4
910 1018 2
911 1007 4
911 1008 3
1018 1008 5
1018 3213 5
1018 3214 4
1007 1004 3
1007 3213 4
912 913 4
912 1810 2
912 1817 5
912 2601 1
913 1432 1
913 2184 4
1817 1432 5
1817 2185 2
1817 2187 5
1810 1768 2
1810 1784 1
1810 1806 4
1432 1836 1
2184 914 5
2184 1833 1
2184 2597 2
914 915 4
916 917 4
916 1015 1
916 6251 5
916 9409 2
917 5895 2
917 9408 4
1015 5906 4
1015 6104 1
6251 4966 5
6251 9406 5
6251 9409 2
9409 6248 1
5895 4967 3
5895 5883 2
5895 9076 4
9408 6104 4
9408 9076 2
918 1057 1
1057 1264 3
926 1022 4
926 1123 3
1022 1308 4
1123 1122 1
1123 1272 1
932 1043 4
1043 985 3
933 934 4
1288 1133 5
1288 1286 2
1288 1308 5
3220 3228 2
956 957 4
957 968 4
2647 2649 3
2647 2651 1
965 3210 5
965 3213 2
965 3215 5
3215 2655 5
3215 2658 2
3215 3210 5
3213 2655 3
3210 3211 4
3210 3212 3
2649 2664 5
982 983 4
982 5370 2
982 6107 5
983 5346 2
983 10707 1
5370 5371 4
5370 5372 3
5370 5377 3
6107 5339 3
6107 5371 1
6107 10587 5
5346 5338 3
5346 5350 1
985 987 3
8464 8458 1
8464 8463 1
3233 3232 1
995 996 4
995 8967 3
996 7755 1
996 7791 5
996 8969 2
8967 7755 2
8967 7767 5
8967 9038 4
7755 7756 4
7755 7757 3
7755 8969 1
8969 8970 4
7791 7790 1
7791 8970 1
997 998 4
997 7789 3
998 7807 1
998 8916 2
7789 7786 3
7789 7804 5
7807 7786 1
7807 7806 1
8916 7804 2
8916 8754 2
8916 8917 4
999 1000 4
999 8721 3
1000 8918 2
1000 9041 4
8721 7781 5
8721 8919 2
9041 7781 5
9041 9040 1
8918 7812 1
8918 9040 3
8447 8440 2
8447 8456 1
9077 8434 3
9077 8636 1
1021 1172 4
1021 1246 5
1021 1253 3
3224 2688 1
3224 2712 2
5906 5876 5
5906 5905 1
5906 6100 1
6104 5872 2
6104 6105 4
2651 2656 5
2651 2668 3
3214 2655 4
3214 2656 3
1308 1141 2
1308 1309 4
1029 1030 4
1029 5150 4
1029 497284 5
1030 5145 5
1030 5152 3
5150 5151 4
497284 497154 5
5152 5143 4
5152 5146 1
5152 497154 3
5145 5143 2
1749 1754 5
1749 2165 4
2165 1739 1
1032 1033 4
1032 1683 4
1032 493091 1
1033 4589 4
1033 5147 1
1033 493090 3
1033 497146 2
1683 1645 3
1683 4589 4
1683 493041 2
493091 493041 5
493091 493088 3
493091 493090 1
4589 4590 4
5147 10147 5
5147 10159 3
493090 493073 2
493090 497147 3
497146 497147 4
497146 497149 2
1034 1035 4
1034 10126 3
1035 10118 2
1035 10138 2
10126 10122 4
10118 10105 3
10118 10117 1
10118 10119 4
10138 9603 5
1041 389063 3
389063 389049 4
389084 389082 2
389263 389262 1
389263 389266 2
2630 2626 4
2630 2631 4
2630 388685 5
388568 388566 2
388568 388569 4
388568 388684 4
388568 388685 3
1264 1059 5
1264 1263 1
1264 1067784 5
1264 1068055 4
1058 1059 4
1058 1354 4
1058 1067850 3
1059 10453 1
1354 1063 1
1354 10452 2
1067850 1087217 3
1067850 1087220 5
1263 1270 3
1062 1063 4
1062 1265 2
1062 1268 4
1062 1067833 4
1063 1268 5
1265 1267 3
1265 1303 2
1265 1067844 1
1268 1067 1
1067833 1067834 4
1067833 1067835 3
1067833 1067844 4
1079 1081 3
1068 1066 2
1068 1270 3
1066 1067 4
1066 1076 5
1067 1269 3
1067 1270 2
1076 1077 4
1076 1080 1
1076 1081 5
1076 1269 2
1269 1266 3
1269 1267 2
1070 1071 4
1070 1072 3
1070 1077 3
1071 1267 4
1071 1303 3
1071 1067861 5
1072 1074 3
1072 1078 4
1077 1266 1
1077 1276 1
1303 1068223 5
1267 1266 1
1067861 1067842 4
1067861 1067860 1
1067861 1068054 2
1074 1078 1
1074 1082 2
1078 1083 5
1082 1085 2
1082 1067898 4
1080 1081 4
1080 1087 3
1276 1083 3
1276 1091 5
1276 1275 1
1083 1092 1
1087 1086 1
1087 1277 5
1085 1084 1
1085 1092 3
1067898 1067868 5
1067898 1067869 4
1092 1104 3
1092 1275 2
1084 1093 1
1084 1067913 1
1093 1098 5
1093 1105 3
1067913 1067911 2
1067913 1067914 4
1067913 1067956 2
1086 1090 1
1090 1091 4
1090 1097 3
1277 1091 1
1091 1101 5
1097 1100 2
1101 1100 1
1101 1274 2
1101 1275 1
1275 1279 1
1104 1103 1
1104 1279 5
1098 1102 1
1098 1109 4
1098 1067956 2
1105 1103 2
1105 1334 1
1096 1435 1
1096 1452 4
3473 3258 5
3473 3379 4
1463 1427 1
1463 1435 3
1463 1454 4
1435 1418 2
1435 1437 3
1452 1436 1
1452 1456 1
1100 1106 4
1102 1110 2
1102 1111 1
1102 1067960 2
1109 1107 2
1109 1111 3
1109 1127 2
1067956 1067876 5
1067956 1068080 1
1106 1272 4
1106 1274 2
1274 1108 1
1274 1273 1
1110 1115 5
1110 1116 4
1110 1067970 5
1111 1117 4
1111 1119 2
1067960 1068224 1
1067960 1068225 5
1103 1107 1
1107 1108 4
1279 1108 1
1279 1333 1
1272 1113 4
1272 1273 4
1108 1278 5
1278 1127 1
1278 1273 5
1127 1119 3
1127 1126 1
1115 1116 4
1115 1121 4
1116 1117 4
1067970 1067971 4
1067970 1068135 5
1117 1137 5
1119 1118 1
1119 1284 5
1112 1113 4
1112 1114 3
1112 1126 1
1113 1335 3
1126 1128 3
1121 1120 1
1121 1068135 1
1137 1136 1
1137 1284 3
1118 1135 3
1118 1285 3
1135 1128 2
1135 1151 4
1285 1190 5
1285 1341 4
1284 1282 2
1284 1342 2
1120 1125 5
1120 1347 3
1347 1158 4
1347 1348 4
1125 1124 1
1125 1085541 4
1068135 1067973 2
1068135 1068086 4
1122 1129 3
1122 1309 3
1129 1130 4
1129 1141 3
1124 1131 3
1124 1139 5
1124 1211 3
1124 1067984 5
1131 1144 2
1131 1067988 3
1139 1155 4
1139 1177 2
1211 1159 2
1211 1238 3
1067984 1067981 3
1067984 1067985 4
1128 1151 2
1151 1147 4
1151 1168 3
1151 1188 3
1141 1140 1
1141 1143 3
1144 1156 3
1144 1304 5
1067988 1067986 2
1067988 1067990 3
1067988 1068098 5
1132 1133 4
1132 1375 2
1133 1286 2
1375 1146 4
1375 1150 5
1286 1140 1
1286 1150 1
1286 1287 4
1136 1138 3
1136 1152 4
1152 1157 5
1152 1282 5
1155 1156 4
1155 1243 2
1177 1175 2
1177 1349 3
1177 1350 2
1140 1143 2
1143 1142 1
1143 1287 1
1142 1147 5
1142 1148 4
1147 1148 4
1147 1183 4
1287 1183 4
1287 1311 1
1304 1292 2
1304 1067989 5
1156 1351 5
1146 1150 1
1149 1150 4
1149 1161 3
1150 1317 3
1150 10698 2
1183 1182 1
1183 1188 5
1161 1160 1
1161 1358 3
1317 1318 4
1317 1319 3
1317 10656 1
10698 1174 4
10698 1318 5
1168 1188 5
1168 1190 3
1168 1196 2
1188 1187 1
1157 1158 4
1157 1159 3
1282 1283 4
1153 1154 4
1153 1344 4
1153 4094 4
1344 1345 4
1344 1353 1
4094 4092 2
4094 4107 2
1243 1202 1
1243 1242 1
1243 1292 1
1158 10877 1
1159 1205 4
1205 1204 1
1205 1283 2
1205 1290 5
1160 1163 2
1160 1165 5
1165 1164 1
1163 1162 1
1163 1359 4
1162 1164 3
1162 1167 5
1164 1169 5
1164 1184 5
1167 1166 1
1167 1360 2
1169 1166 3
1169 1171 3
1184 1352 2
1184 1376 3
1166 1170 1
1170 1171 4
1170 1178 2
1190 1189 1
1190 1283 2
1196 1189 2
1196 1195 1
1171 1181 5
1178 1173 5
1178 1181 2
1178 1365 3
1181 1356 5
1173 1174 4
1173 1361 2
1174 1180 4
1174 1366 3
1361 1186 5
1361 1366 5
1180 1179 1
1180 1318 2
1366 1179 2
1366 1301 5
1175 1176 4
1175 1202 3
1202 1200 2
1202 1291 1
1349 10436 3
1365 1185 5
1365 1356 4
1179 10658 1
1318 10386 2
1356 1192 4
1182 1209 3
1182 1310 2
1310 1194 1
1310 1209 1
1310 1311 4
1209 1208 1
1209 1312 2
1185 1186 4
1185 1191 4
1191 1192 4
1191 1207 4
1187 1195 2
1187 1210 2
1187 1213 4
1195 1210 5
1210 1213 2
1210 1226 4
1213 1218 5
1189 1204 5
1189 1297 2
1204 1296 3
1297 1295 2
1297 3800 2
1297 4383 4
1207 1199 3
1207 1206 1
1193 1194 4
1193 1314 4
1193 1319 4
1193 10386 2
1194 1208 1
1314 1208 1
1314 1215 4
1319 1311 3
10386 1215 1
10386 1301 5
1208 1312 1
1197 1198 4
1197 1199 3
1197 1206 1
1197 1370 2
1198 1300 3
1198 1301 2
1198 1302 1
1199 1369 5
1206 1212 4
1206 1387 4
1370 1212 3
1370 1222 3
1301 1214 2
1300 1214 1
1300 1222 3
1300 1231 4
1200 1201 4
1200 1229 1
1229 1247 2
1229 4559 5
1291 1238 3
1291 3768 3
1296 1295 1
1296 1346 5
1290 1238 2
1290 1295 5
1212 1221 1
1212 1357 5
1387 1336 1
1312 1219 3
1226 1228 3
1226 1233 3
1226 1235 1
1238 1237 1
1357 1224 3
1221 1220 1
1221 1224 2
1218 1216 2
1218 1219 4
1218 1228 5
1214 1215 4
1214 1217 2
1215 1217 3
1217 1216 1
1217 1299 3
1216 1219 2
1299 1227 2
1299 1231 3
1299 1298 1
1228 1227 1
1228 1233 5
1220 1222 3
1220 1223 2
1220 1225 5
1223 1224 4
1223 1225 3
1223 1316 2
1225 1230 5
1316 1315 1
1316 4437 4
1230 1231 4
1230 1234 1
1235 1236 4
1235 1241 4
1233 1232 1
1233 1236 2
1227 1232 5
1232 1236 1
1232 1298 4
4559 3780 4
4559 4560 4
1231 1240 1
1234 1239 5
1240 1239 1
1240 1262 3
1240 1298 2
1236 1313 3
1298 1313 5
1239 1262 2
1239 3773 1
1241 1249 2
1241 1261 5
1313 1249 4
1237 1251 1
1237 3767 5
3767 3768 4
3767 3797 5
1251 1252 4
1251 3772 4
1262 1250 2
1262 3778 4
3773 2736 2
3773 4275 3
1261 1249 2
1261 3770 1
1249 1248 1
1242 4261 1
4261 1305 1
4261 4260 1
4261 4560 1
1292 1305 2
1292 1067997 5
1244 1245 4
1244 4520 4
1244 4521 3
1244 7720 4
1245 7695 5
1245 7707 3
1245 7712 3
4520 4521 4
4520 5109 1
4520 7725 5
4521 5109 2
4521 7720 1
7720 5109 1
7720 7714 1
7695 7696 4
7695 7697 3
7695 8958 2
7707 7697 5
7707 7701 1
7707 8979 3
7712 7711 1
7712 8958 4
1248 1250 3
1248 3770 3
3770 3769 1
3770 3777 3
3772 3771 1
