# Directed graph (each unordered pair of nodes is saved once): roadNet-PA.txt # Pennsylvania road network# Nodes: 1088092 Edges: 3083796# FromNodeId	ToNodeId0 1 4
0 6309 1
0 6353 2
6353 6354 4
6353 6364 4
6353 6386 2
6309 6310 4
6309 6344 5
2 3 4
2 4 3
2 7 5
3 309 4
4 273 1
4 274 5
4 388 1
7 8 4
7 16 1
7 3998 4
309 6 3
309 274 5
309 1060390 4
273 3861 2
273 3862 1
273 3872 1
274 3862 2
274 1060215 4
388 389 4
388 4005 3
388 4006 2
5 6 4
5 8 2
5 9 1
6 305 1
6 310 1
6 1060307 4
9 12 2
9 10464 5
310 15 5
310 311 4
1060307 1060308 4
1060307 1087545 2
16 17 4
16 18 3
3998 3999 4
3998 4006 2
12 13 4
12 14 3
10464 311 3
10 11 4
10 22 3
10 77 3
11 44 2
22 44 3
22 58 4
22 69 3
77 76 1
77 197 5
44 45 4
44 51 3
14 15 4
14 20 4
15 312 3
20 19 1
20 24 1
20 312 3
312 26 1
312 1060297 5
18 24 4
18 266 2
266 303 3
24 23 1
24 303 1
19 21 3
19 23 1
19 25 4
23 38 5
25 26 4
25 29 1
58 50 3
58 70 3
69 70 4
69 76 3
69 83 1
38 39 4
38 52 1
303 39 4
303 304 4
26 37 4
26 1060297 4
29 27 2
29 314 5
37 36 1
37 313 4
37 1059795 2
1060297 1059754 3
1060297 1059796 1
27 28 4
27 30 2
30 31 4
30 32 3
314 315 4
314 316 3
32 33 4
32 34 3
34 35 4
34 36 3
36 40 1
36 313 3
40 45 5
40 67 3
313 276 2
313 1059823 5
1059795 1059796 4
1059795 1059803 2
39 317 2
39 4027 2
52 53 4
52 71 1
52 132 5
4027 304 3
4027 4004 3
4027 4299 3
317 72 5
317 4041 1
317 4055 2
45 275 5
45 279 1
41 42 4
41 43 3
41 57 4
42 279 3
42 8841 1
57 56 1
57 64 3
57 75 2
279 53 1
51 50 1
275 276 4
275 284 1
46 47 4
46 56 5
46 59 2
47 55 2
47 60 2
56 65 1
59 60 4
59 65 4
59 68 1
55 49 1
55 54 1
60 54 1
48 49 4
48 54 4
48 63 5
48 277 1
54 62 2
277 53 4
277 326 1
63 62 1
50 61 4
61 70 1
61 81 5
53 278 5
71 72 4
71 319 2
132 151 1
132 152 5
278 148 5
278 156 2
62 68 4
65 75 5
65 78 2
64 66 3
64 80 4
75 80 5
75 82 3
70 93 2
68 78 5
81 79 2
81 93 3
81 95 1
66 73 3
66 86 5
80 86 4
80 87 3
78 82 1
73 74 4
73 79 4
86 89 2
86 94 2
76 88 3
76 198 3
83 88 5
83 92 1
93 92 1
72 318 4
319 320 4
319 4052 2
79 89 5
82 87 5
82 106 1
88 96 2
88 387 1
198 197 1
198 10925 3
197 387 5
89 95 4
89 97 2
87 94 3
87 99 3
95 101 4
95 102 3
106 105 1
92 96 1
92 98 4
84 85 4
84 352 2
84 9833 1
85 853 2
85 895 5
9833 907 1
9833 7597 1
9833 9836 2
895 896 4
895 2726 4
94 97 2
94 108 1
99 100 4
99 105 4
99 3558 1
96 103 3
96 104 2
97 102 5
97 107 5
90 91 4
90 297 3
90 400 5
90 1520 5
90 1642 3
91 295 1
91 297 4
91 345 1
297 257 5
297 293 4
400 397 3
400 1642 3
1642 5901 1
295 296 4
295 298 2
295 382 3
