# Directed graph (each unordered pair of nodes is saved once): roadNet-PA.txt # Pennsylvania road network# Nodes: 1088092 Edges: 3083796# FromNodeId	ToNodeId0 1 4
0 6309 1
0 6353 2
6353 6354 4
6353 6364 4
6353 6386 2
6309 6310 4
6309 6344 5
2 3 4
2 4 3
2 7 5
3 309 4
4 273 1
4 274 5
4 388 1
7 8 4
7 16 1
7 3998 4
309 6 3
309 274 5
309 1060390 4
273 3861 2
273 3862 1
273 3872 1
274 3862 2
274 1060215 4
388 389 4
388 4005 3
388 4006 2
5 6 4
5 8 2
5 9 1
6 305 1
6 310 1
6 1060307 4
9 12 2
9 10464 5
310 15 5
310 311 4
1060307 1060308 4
